
Processing plot_and_reweight_vz.C...

****************************************
Minimizer is Linear / Migrad
Chi2                      =      7.32311
NDf                       =           10
p0                        =     0.969219   +/-   0.0106776   
p1                        =  0.000720939   +/-   0.00282111  
p2                        =   0.00091206   +/-   0.000195928 
p3                        =  1.60218e-05   +/-   2.6914e-05  
